sa
20
29
00002000222000000000000000
00002000000000000000000000
00000022020000000000000000
00002000000000000000000000
00000200000000000000000000
00020020200000000000000000
00000000000000000000000000
00000000000000000000000000
00002000000000000000000000
00200000000000000000000000
00222222222220000000000000
00000000000000000000000000
00000000000000000000000000
00000000000000000000000000
00000000000000000000000000
00000000000000000000000000
00000000000000000000000000
00000000000000000000000000
00000000000000000000000000
00000000000000000000000000
00000000000000000000000000
00000000000000000000000000
00000000000000000000000000
00000000000000000000000000
00000000000000000000000000
00000000000000000222222222
